# calibration data of camera 01

invpol : [-1.075233654325322e+02, 4.704007234612547e+02, -7.039759405818603e+02, 2.838316240089585e+02, -9.038676504203400e+02, 1.606691263137671e+03]
mapcoef : [1.145882288545091e+03 ,0 ,-3.630427146836845e-04 ,1.047936476714481e-07 ,-1.000973064316358e-10]
yc : 1.307765250016426e+03
xc : 1.647330746606595e+03
c: 1
d : 0
e : 0
H_res : 512
pxel_length : 0.0014
